cpu  663661058 2842 545218426 35037754109 22093818 0 22772335 0 0 0
cpu0 14676435 112 20317529 1085129877 991101 0 11312247 0 0 0
cpu1 26915286 131 11900253 1091814627 308239 0 2803235 0 0 0
cpu2 26949158 84 25032829 1078545544 584351 0 5648433 0 0 0
cpu3 15098816 77 9368358 1109915013 144033 0 1455779 0 0 0
cpu4 26262953 81 24728838 1081340832 393371 0 275671 0 0 0
cpu5 14981088 25 9759185 1110375755 134281 0 205839 0 0 0
cpu6 25702639 171 24689571 1082314578 321972 0 76101 0 0 0
cpu7 14708975 26 9740132 1110828979 121222 0 63134 0 0 0
cpu8 26879305 100 24938090 1080075697 280593 0 63921 0 0 0
cpu9 14038265 21 9734181 1111501537 108556 0 34395 0 0 0
cpu10 26762408 100 24866668 1080922078 258926 0 60113 0 0 0
cpu11 14506173 50 9634236 1111171689 112111 0 24858 0 0 0
cpu12 26734619 132 24768692 1081040367 247980 0 53020 0 0 0
cpu13 14579541 28 9591961 1111113723 109328 0 24516 0 0 0
cpu14 27914704 108 22398891 1078446153 4200450 0 50634 0 0 0
cpu15 13735179 163 9392518 1109465367 2627701 0 24427 0 0 0
cpu16 26329699 127 24679837 1080757116 1173427 0 48724 0 0 0
cpu17 15889821 12 9405429 1109181066 216473 0 23850 0 0 0
cpu18 27749293 91 25089046 1079173902 603707 0 64865 0 0 0
cpu19 13714860 104 9329459 1112261413 148632 0 19666 0 0 0
cpu20 27479458 87 25122911 1079224838 403372 0 53190 0 0 0
cpu21 14160202 71 9685899 1111370303 127947 0 21522 0 0 0
cpu22 27112477 100 24873212 1080079074 327102 0 48631 0 0 0
cpu23 13988834 18 9494397 1111805513 113926 0 24652 0 0 0
cpu24 28221879 128 25361942 1078319389 289776 0 52680 0 0 0
cpu25 13095622 26 9319847 1112918728 108742 0 19681 0 0 0
cpu26 27338400 113 25114612 1079722419 267614 0 51682 0 0 0
cpu27 14426232 61 9481475 1111451887 103586 0 27327 0 0 0
cpu28 24762558 172 25349281 1082515102 247200 0 45646 0 0 0
cpu29 17373380 27 9716991 1108325984 102460 0 17444 0 0 0
cpu30 27802965 89 22838619 1077719582 4207755 0 53579 0 0 0
cpu31 13769821 192 9493525 1108925960 2707869 0 22856 0 0 0
intr 123443763165 0 508 0 0 274 0 3 0 0 0 0 0 4053 0 1159 0 0 0 0 0 0 0 0 0 0 102645428 105740602 1 125352423 126380797 0 20274687 2 20329020 2 12331219 2 14445296 2 28461397 2 17995759 2 17442552 2 20224963 2 28135013 2 14780697 2 18328274 3 18139200 2 14786980 2 25661311 3 17154389 2 16615348 3 23264498 2 17523791 2 19872613 2 19584910 2 16478649 2 27608885 2 19386827 3 21914660 2 20494764 3 17446470 2 22562976 2 31634623 2 16729285 44 16399229 2 18942553 2 16820096 2 0 0 0 0 0 0 0 0 0 0 0 0 0 0 0 0 0 0 0 0 0 0 0 0 0 0 0 0 0 0 0 0 0 0 0 0 0 0 0 0 0 0 0 0 0 0 0 0 0 0 0 0 0 0 0 0 0 0 0 0 0 0 0 0 0 0 0 0 0 0 0 0 0 0 0 0 0 0 0 0 0 0 0 0 0 0 0 0 0 0 0 0 0 0 0 0 0 0 0 0 0 0 0 0 0 0 0 0 0 0 0 0 0 0 0 0 0 0 0 0 0 0 0 0 0 0 0 0 0 0 0 0 0 0 0 0 0 0 0 0 0 0 0 0 0 0 0 0 0 0 0 0 0 0 0 0 0 0 0 0 0 0 0 0 0 0 0 0 0 0 0 0 0 0 0 0 0 0 0 0 0 0 0 0 0 0 0 0 0 0 0 0 0 0 0 0 0 0 0 0 0 0 0 0 0 0 0 0 0 0 0 0 0 0 0 0 0 0 0 0 0 0 0 0 0 0 0 0 0 0 0 0 0 0 0 0 0 0 0 0 0 0 0 0 0 0 0 0 0 0 0 0 0 0 0 0 0 0 0 0 0 0 0 0 0 0 0 0 0 0 0 0 0 0 0 0 0 0 0 0 0 0 0 0 0 0 0 0 0 0 0 0 0 0 0 0 0 0 0 0 0 0 0 0 0 0 0 0 0 0 0 0 0 0 0 0 0 0 0 0 0 0 0 0 0 0 0 0 0 0 0 0 0 0 0 0 0 0 0 0 0 0 0 0 0 0 0 0 0 0 0 0 0 0 0 0 0 0 0 0 0 0 0 0 0 0 0 0 0 0 0 0 0 0 0 0 0 0 0 0 0 0 0 0 0 0 0 0 0 0 0 0 0 0 0 0 0 0 0 0 0 0 0 0 0 0 0 0 0 0 0 0 0 0 0 0 0 0 0 0 0 0 0 0 0 0 0 0 0 0 0 0 0 0 0 0 0 0 0 0 0 0 0 0 0 0 0 0 0 0 0 0 0 0 0 0 0 0 0 0 0 0 0 0 0 0 0 0 0 0 0 0 0 0 0 0 0 0 0 0 0 0 0 0 0 0 0 0 0 0 0 0 0 0 0 0 0 0 0 0 0 0 0 0 0 0 0 0 0 0 0 0 0 0 0 0 0 0 0 0 0 0 0 0 0 0 0 0 0 0 0 0 0 0 0 0 0 0 0 0 0 0 0 0 0 0 0 0 0 0 0 0 0 0 0 0 0 0 0 0 0 0 0 0 0 0 0 0 0 0 0 0 0 0 0 0 0 0 0 0 0 0 0 0 0
ctxt 197136147878
btime 1774088072
processes 0
procs_running 0
procs_blocked 0
softirq 101349057080 10724151 1654763367 103294 1027615895 712 0 21458224 3212115487 4091 932991347 0
